1 2 7817 15
2 8 1102 4
9 16 27582 6
11 12 109603 10
11 18 35541 41
12 13 13891 60
14 15 2305 120
15 16 5549 73
15 25 9532 56
16 17 22096 54
16 20 79881 8
17 18 47227 11
18 19 2658 258
18 22 9928 95
21 22 13906 8
22 27 3363 43
24 25 18604 7
25 31 10738 96
26 27 21634 5
28 29 4473 5
30 31 19540 7
31 35 17490 96
32 33 41617 7
32 37 14451 116
34 35 11629 13
35 41 21764 364
36 37 3892 39
37 43 24088 249
40 41 38756 5
41 42 25563 3
41 47 30226 134
43 44 23640 3
43 49 10038 255
46 47 11751 8
48 49 9520 22
49 50 17582 4
1 2 4043 29
2 3 4632 29
2 8 1102 4
5 6 42654 4
9 16 27582 6
10 11 25026 3
11 12 54799 20
11 18 35541 41
12 13 13891 60
14 15 2305 120
15 16 4701 86
15 25 9364 57
16 17 5583 213
16 20 71005 9
17 18 25973 20
18 19 1856 368
18 22 9829 96
21 22 13906 8
22 27 2260 64
24 25 993 131
25 31 10203 101
26 27 13521 8
28 29 3728 6
30 31 15197 9
31 35 14470 116
32 33 41617 7
32 37 14451 116
34 35 3685 41
35 41 18060 438
36 37 3892 39
36 42 43168 7
37 43 23705 253
40 41 2421 80
41 42 1299 59
41 47 11017 367
43 44 2085 34
43 49 10038 255
46 47 6714 14
47 48 1979 28
48 49 2072 101
49 50 1850 38

2 3 10847 46
3 4 4357 95
4 10 987 7
5 6 42654 4
8 9 5492 5
9 10 10910 12
9 16 46078 21
10 11 29863 17
11 12 787 22
11 18 87 54
12 13 13891 60
14 15 7664 184
15 16 6618 132
15 25 796 123
16 17 7508 255
16 20 71005 9
17 18 1510 34
18 19 4213 465
18 22 9829 96
21 22 13906 8
22 27 2260 64
24 25 6 133
25 31 1999 123
26 27 13521 8
26 36 53976 3
27 28 3712 90
28 29 926 11
30 31 15197 9
31 35 6815 155
32 33 41617 7
32 37 14451 116
34 35 2618 43
35 36 33125 4
35 41 3686 665
36 37 3892 39
36 42 43168 7
37 43 23705 253
40 41 534 82
41 42 993 110
41 47 7378 561
43 44 2085 34
43 49 10038 255
46 47 2050 17
47 48 1445 106
48 49 8052 162
49 50 1850 38

2 3 1636 76
3 4 182 239
3 9 25015 10
4 5 2756 36
4 10 500 27
5 6 8268 42
7 8 2461 26
9 10 36117 36
9 16 1403 133
10 11 1477 68
11 12 6641 151
12 13 8959 65
14 15 314 429
15 16 1773 421
15 25 723 942
16 17 1763 770
16 20 548 114
17 18 943 307
17 21 1356 13
18 19 428 1302
18 22 644 331
20 21 77983 11
20 26 10589 7
21 22 213 146
22 27 151 184
24 25 183 375
25 26 1591 487
25 31 6261 342
26 27 1972 343
26 36 1094 117
27 28 2193 775
27 32 431 112
30 31 2345 56
31 35 400 646
32 33 41617 7
32 37 2575 242
34 35 702 106
35 41 826 2734
36 37 896 115
37 43 5153 575
40 41 745 106
41 42 135 364
41 47 1066 1312
42 43 573 254
42 48 4677 97
43 49 5970 519
47 48 4321 174
48 49 305 461
49 50 1850 38



