2 3 2500 26
2 8 17541 25
3 4 3331 118
3 9 31480 5
4 5 20905 142
8 9 4863 22
9 10 14528 50
10 11 1420 36
11 12 10940 151
12 13 9478 21
14 15 816 136
15 16 1968 265
15 25 2987 926
16 17 1125 497
16 20 2414 43
17 18 2138 113
18 19 5618 629
18 22 8638 181
22 27 5953 82
24 25 2436 36
25 26 4031 216
25 31 23 301
26 27 452 109
27 28 2136 365
27 32 20162 24
30 31 663 76
31 35 1764 875
32 33 103272 4
32 37 19511 66
34 35 2482 86
35 36 14844 17
35 41 2101 2588
36 37 3984 34
36 42 3543 11
37 43 4220 126
40 41 786 90
41 42 1030 72
41 47 1332 1672
42 43 1496 110
43 44 2389 42
43 49 5109 156
46 47 671 70
47 48 759 49
48 49 550 176
49 50 18696 5
