1 2 684 146
2 3 275 97
2 8 10143 45
3 4 2652 225
3 9 16844 21
4 5 316 365
4 10 325 8
5 6 1437 110
5 12 248 7
7 8 2030 20
8 9 1532 61
8 15 6690 30
9 10 93248 30
9 16 1256 190
11 12 5702 286
12 13 3900 124
14 15 410 298
15 16 216 568
15 25 383 800
16 17 2180 699
16 20 1027 192
17 18 169 291
18 19 564 2315
18 22 1065 416
21 22 171 192
22 27 15 400
24 25 488 106
25 26 454 757
26 27 161 508
26 36 486 292
27 32 620 256
28 29 1975 29
30 31 2150 69
31 35 5404 682
32 37 4627 529
34 35 2847 150
35 41 2577 3016
36 37 7000 53
36 42 15965 397
37 38 23465 9
37 43 14075 990
40 41 753 67
41 42 3950 233
41 47 6 1601
42 43 9566 324
42 48 122 535
43 49 2062 898
46 47 1231 89
47 48 287 304
48 49 1178 848
49 50 4232 150
50 51 77 20
2 3 13089 4
3 4 25986 8
3 9 614 4
4 5 714 24
5 6 21107 10
14 15 27921 23
15 16 131042 9
16 17 81938 24
18 19 4314 53
18 22 11778 52
21 22 6295 5
22 27 24705 29
25 26 1653 65
26 27 3245 118
27 28 7786 113
28 29 3131 20
35 41 9859 4
36 42 8207 12
40 41 25322 13
41 42 5630 98
42 43 28224 35
43 44 8981 98
48 49 502 4
49 50 283 352
